35,35
10,270
10,140
10,196
10,290
10,302
10,240
10,158
11,18
30,7
30,6
30,5
30,4
30,2
30,1
30,0
20,3
20,2
20,1
19,3
19,2
19,1
17,3
17,2
17,1
16,3
16,2
16,1
15,3
18,1
15,2
18,3
15,1
14,1
14,3
13,3
13,1
12,3
12,2
12,1
11,27
11,26
11,25
11,23
11,22
11,21
11,16
11,12
11,11
11,10
11,9
11,8
11,7
11,6
11,4
11,3
11,2
11,1
10,309
10,306
10,301
10,300
10,285
10,264
10,255
10,251
10,182
10,178
10,174
10,166
10,136
10,100
10,90
10,74
10,68
10,64
10,19
10,17
10,16
10,7
10,3
10,2
10,1
9,7
9,6
9,5
9,4
9,3
9,2
9,1
8,18
8,17
8,15
8,13
8,12
8,11
8,10
8,9
8,8
8,7
8,6
8,5
8,4
8,3
8,2
